millis	leftDistance	rightDistance	accel.x	accel.y	gyro.x	gyro.y	position	sensor1	sensor2	sensor3	sensor4	sensor5	sensor6	sensor7	sensor8	error	leftPWM	rightPWM	lost	last_sighted	Kp	Ki	Kd	Speed	ready
41742	1483.52	1484.71	0.00	0.00	0.00	120.00	1	0	0	830	975	933	0	0	0	-463	120	0	0	1	0.27	0.00	0.00	120.00	1
41757	1491.85	1493.03	0.00	0.00	0.00	120.00	1	0	0	831	1000	939	0	0	0	-462	120	0	0	1	0.27	0.00	0.00	120.00	1
41772	1498.98	1502.54	0.00	0.00	0.00	120.00	1	0	0	427	983	971	0	0	0	-272	120	47	0	1	0.27	0.00	0.00	120.00	1
41787	1507.30	1512.05	0.00	0.00	0.00	120.00	1	0	0	2	991	982	0	0	0	-3	120	120	0	1	0.27	0.00	0.00	120.00	1
41802	1515.62	1521.56	0.00	0.00	0.00	120.00	1	1	0	0	992	974	0	0	0	-5	120	119	0	1	0.27	0.00	0.00	120.00	1
41817	1523.94	1531.07	0.00	0.00	0.00	120.00	1	0	0	0	942	939	0	0	0	-1	120	120	0	1	0.27	0.00	0.00	120.00	1
41832	1532.26	1540.58	0.00	0.00	0.00	120.00	1	1	0	0	938	960	10	0	0	5	119	120	0	1	0.27	0.00	0.00	120.00	1
41847	1540.58	1550.09	0.00	0.00	0.00	120.00	1	0	0	0	885	974	811	0	0	472	0	120	0	1	0.27	0.00	0.00	120.00	1
41863	1550.09	1559.60	0.00	0.00	0.00	120.00	1	0	0	0	806	995	977	1	0	561	0	120	0	1	0.27	0.00	0.00	120.00	1
41878	1560.79	1569.11	0.00	0.00	0.00	120.00	1	0	0	0	691	986	976	0	0	607	0	120	0	1	0.27	0.00	0.00	120.00	1
41893	1570.30	1577.43	0.00	0.00	0.00	120.00	1	0	0	0	884	942	948	0	0	523	0	120	0	1	0.27	0.00	0.00	120.00	1
41908	1581.00	1585.75	0.00	0.00	0.00	120.00	1	0	0	0	966	977	491	0	0	304	38	120	0	1	0.27	0.00	0.00	120.00	1
41923	1591.70	1594.08	0.00	0.00	0.00	120.00	1	2	1	1	974	937	1	0	0	-10	120	118	0	1	0.27	0.00	0.00	120.00	1
41938	1602.40	1602.40	0.00	0.00	0.00	120.00	1	2	1	0	976	958	0	0	0	-5	120	119	0	1	0.27	0.00	0.00	120.00	1
41953	1613.10	1610.72	0.00	0.00	0.00	120.00	1	1	0	798	956	938	0	0	0	-448	120	0	0	1	0.27	0.00	0.00	120.00	1
41968	1623.79	1619.04	0.00	0.00	0.00	120.00	1	0	0	985	995	10	0	0	0	-998	120	0	0	1	0.27	0.00	0.00	120.00	1
41983	1633.30	1628.55	0.00	0.00	0.00	120.00	1	1	1	1000	994	0	0	0	0	-1002	120	0	0	1	0.27	0.00	0.00	120.00	1
41998	1642.81	1638.06	0.00	0.00	0.00	120.00	1	0	1	994	954	0	0	0	0	-1011	120	0	0	1	0.27	0.00	0.00	120.00	1
42013	1652.32	1647.57	0.00	0.00	0.00	120.00	1	0	0	982	968	0	0	0	0	-1004	120	0	0	1	0.27	0.00	0.00	120.00	1
42028	1661.83	1657.08	0.00	0.00	0.00	120.00	1	1	2	981	987	1	1	1	0	-999	120	0	0	1	0.27	0.00	0.00	120.00	1
42043	1670.15	1667.78	0.00	0.00	0.00	120.00	1	1	0	981	982	0	0	0	0	-1000	120	0	0	1	0.27	0.00	0.00	120.00	1
42058	1677.29	1678.47	0.00	0.00	0.00	120.00	1	2	2	1000	973	3	0	0	0	-1007	120	0	0	1	0.27	0.00	0.00	120.00	1
42074	1685.61	1689.17	0.00	0.00	0.00	120.00	1	2	1	900	974	912	0	0	0	-496	120	0	0	1	0.27	0.00	0.00	120.00	1
42089	1692.74	1699.87	0.00	0.00	0.00	120.00	1	2	1	2	983	935	1	0	0	-13	120	117	0	1	0.27	0.00	0.00	120.00	1
42104	1701.06	1711.76	0.00	0.00	0.00	120.00	1	2	1	0	977	928	2	0	0	-13	120	117	0	1	0.27	0.00	0.00	120.00	1
42119	1708.19	1722.46	0.00	0.00	0.00	120.00	1	1	0	0	804	937	946	0	0	552	0	120	0	1	0.27	0.00	0.00	120.00	1
42134	1716.51	1731.97	0.00	0.00	0.00	120.00	1	0	0	0	0	950	988	2	1	1009	0	120	0	1	0.27	0.00	0.00	120.00	1
42149	1724.83	1741.48	0.00	0.00	0.00	120.00	1	0	0	0	0	962	954	2	0	997	0	120	0	1	0.27	0.00	0.00	120.00	1
42164	1734.34	1750.99	0.00	0.00	0.00	120.00	1	0	0	0	0	962	972	298	0	1202	0	120	0	1	0.27	0.00	0.00	120.00	1
42179	1743.85	1760.50	0.00	0.00	0.00	120.00	1	2	2	0	0	988	997	681	0	1384	0	120	0	1	0.27	0.00	0.00	120.00	1
42194	1753.36	1768.82	0.00	0.00	0.00	120.00	1	3	3	2	1	980	977	615	0	1358	0	120	0	1	0.27	0.00	0.00	120.00	1
42209	1764.06	1777.14	0.00	0.00	0.00	120.00	1	2	2	1	1	1000	985	16	0	996	0	120	0	1	0.27	0.00	0.00	120.00	1
42224	1774.76	1784.27	0.00	0.00	0.00	120.00	1	3	3	1	2	1000	1000	4	2	1000	0	120	0	1	0.27	0.00	0.00	120.00	1
42239	1785.46	1791.40	0.00	0.00	0.00	120.00	1	0	0	0	3	962	986	2	1	1006	0	120	0	1	0.27	0.00	0.00	120.00	1
42254	1797.35	1798.54	0.00	0.00	0.00	120.00	1	0	0	0	961	995	744	2	1	419	7	120	0	1	0.27	0.00	0.00	120.00	1
42269	1808.05	1805.67	0.00	0.00	0.00	120.00	1	0	0	0	994	987	2	0	0	-2	120	120	0	1	0.27	0.00	0.00	120.00	1
42285	1819.93	1812.80	0.00	0.00	0.00	120.00	1	0	0	981	962	756	0	0	0	-584	120	0	0	1	0.27	0.00	0.00	120.00	1
42300	1830.63	1819.93	0.00	0.00	0.00	120.00	1	0	2	1000	974	0	0	0	0	-1007	120	0	0	1	0.27	0.00	0.00	120.00	1
42315	1841.33	1827.07	0.00	0.00	0.00	120.00	1	3	856	1000	953	1	1	1	0	-1466	120	0	0	1	0.27	0.00	0.00	120.00	1
42330	1852.03	1835.39	0.00	0.00	0.00	120.00	1	0	960	994	1	0	0	0	0	-1992	120	0	0	1	0.27	0.00	0.00	120.00	1
42345	1860.35	1843.71	0.00	0.00	0.00	120.00	1	3	1000	1000	2	0	1	1	0	-2000	120	0	0	1	0.27	0.00	0.00	120.00	1
42360	1869.86	1853.22	0.00	0.00	0.00	120.00	1	15	1000	1000	1	0	0	0	1	-2000	120	0	0	1	0.27	0.00	0.00	120.00	1
42375	1878.18	1862.73	0.00	0.00	0.00	120.00	1	417	973	966	0	0	0	0	0	-2267	120	0	0	1	0.27	0.00	0.00	120.00	1
42390	1886.50	1872.24	0.00	0.00	0.00	120.00	1	592	971	955	0	0	0	0	0	-2356	120	0	0	1	0.27	0.00	0.00	120.00	1
42405	1893.63	1881.75	0.00	0.00	0.00	120.00	1	256	962	965	0	0	0	0	0	-2176	120	0	0	1	0.27	0.00	0.00	120.00	1
42420	1900.77	1891.26	0.00	0.00	0.00	120.00	1	7	1000	1000	0	0	0	0	0	-2000	120	0	0	1	0.27	0.00	0.00	120.00	1
42435	1907.90	1901.95	0.00	0.00	0.00	120.00	1	0	973	996	1	0	0	0	0	-1995	120	0	0	1	0.27	0.00	0.00	120.00	1
42450	1915.03	1911.46	0.00	0.00	0.00	120.00	1	3	999	1000	5	0	0	0	0	-2000	120	0	0	1	0.27	0.00	0.00	120.00	1
42465	1920.97	1922.16	0.00	0.00	0.00	120.00	1	0	874	975	947	0	0	0	0	-1474	120	0	0	1	0.27	0.00	0.00	120.00	1
42480	1926.92	1932.86	0.00	0.00	0.00	120.00	1	1	2	985	977	0	0	0	0	-1003	120	0	0	1	0.27	0.00	0.00	120.00	1
42496	1934.05	1943.56	0.00	0.00	0.00	120.00	1	2	1	961	980	672	0	0	0	-611	120	0	0	1	0.27	0.00	0.00	120.00	1
42511	1938.80	1955.45	0.00	0.00	0.00	120.00	1	2	1	1	979	979	1	0	0	0	120	120	0	1	0.27	0.00	0.00	120.00	1
42526	1944.75	1966.15	0.00	0.00	0.00	120.00	1	2	0	0	900	989	960	0	0	521	0	120	0	1	0.27	0.00	0.00	120.00	1
42541	1951.88	1975.66	0.00	0.00	0.00	120.00	1	0	0	0	0	976	955	0	0	994	0	120	0	1	0.27	0.00	0.00	120.00	1
42556	1957.82	1985.16	0.00	0.00	0.00	120.00	1	3	4	1	1	952	986	992	0	1513	0	120	0	1	0.27	0.00	0.00	120.00	1
42571	1966.15	1994.67	0.00	0.00	0.00	120.00	1	1	1	0	0	0	943	982	0	2010	0	120	0	1	0.27	0.00	0.00	120.00	1
42586	1973.28	2003.00	0.00	0.00	0.00	120.00	1	1	1	0	0	0	967	1000	1	2008	0	120	0	1	0.27	0.00	0.00	120.00	1
42601	1981.60	2011.32	0.00	0.00	0.00	120.00	1	1	1	0	0	0	971	998	61	2051	0	120	0	1	0.27	0.00	0.00	120.00	1
42616	1991.11	2018.45	0.00	0.00	0.00	120.00	1	0	0	0	0	1	961	980	651	2380	0	120	0	1	0.27	0.00	0.00	120.00	1
42631	1999.43	2025.58	0.00	0.00	0.00	120.00	1	0	0	0	2	3	973	1000	547	2330	0	120	0	1	0.27	0.00	0.00	120.00	1
42646	2008.94	2031.53	0.00	0.00	0.00	120.00	1	2	2	19	55	62	997	1000	31	1891	0	120	0	1	0.27	0.00	0.00	120.00	1
42661	2018.45	2037.47	0.00	0.00	0.00	120.00	1	436	343	586	560	495	1000	1000	182	291	42	120	0	1	0.27	0.00	0.00	120.00	1
42676	2029.15	2044.60	0.00	0.00	0.00	120.00	1	6	3	4	4	4	949	995	0	2011	0	120	0	1	0.27	0.00	0.00	120.00	1
42691	2038.66	2049.36	0.00	0.00	0.00	120.00	1	0	0	0	0	924	932	926	2	1500	0	120	0	1	0.27	0.00	0.00	120.00	1
42707	2050.54	2055.30	0.00	0.00	0.00	120.00	1	2	2	0	0	979	971	1	0	997	0	120	0	1	0.27	0.00	0.00	120.00	1
42722	2060.05	2061.24	0.00	0.00	0.00	120.00	1	2	2	1	866	980	946	0	0	528	0	120	0	1	0.27	0.00	0.00	120.00	1
42737	2070.75	2066.00	0.00	0.00	0.00	120.00	1	3	2	0	989	961	0	0	0	-8	120	118	0	1	0.27	0.00	0.00	120.00	1
42752	2081.45	2071.94	0.00	0.00	0.00	120.00	1	2	2	987	982	297	0	0	0	-805	120	0	0	1	0.27	0.00	0.00	120.00	1
42767	2090.96	2076.70	0.00	0.00	0.00	120.00	1	0	7	964	934	0	0	0	0	-1008	120	0	0	1	0.27	0.00	0.00	120.00	1
42782	2101.66	2083.83	0.00	0.00	0.00	120.00	1	1	968	986	3	0	0	0	0	-1996	120	0	0	1	0.27	0.00	0.00	120.00	1
42797	2109.98	2089.77	0.00	0.00	0.00	120.00	1	5	956	971	8	7	3	2	0	-1997	120	0	0	1	0.27	0.00	0.00	120.00	1
42812	2119.49	2096.90	0.00	0.00	0.00	120.00	1	921	938	907	0	0	1	1	0	-2506	120	0	0	1	0.27	0.00	0.00	120.00	1
42827	2127.81	2104.04	0.00	0.00	0.00	120.00	1	1000	1000	5	0	0	0	0	0	-3000	120	0	0	1	0.27	0.00	0.00	120.00	1
42842	2134.94	2112.36	0.00	0.00	0.00	120.00	1	997	997	3	0	0	0	0	0	-3000	120	0	0	1	0.27	0.00	0.00	120.00	1
42857	2142.08	2119.49	0.00	0.00	0.00	120.00	1	992	990	3	2	1	1	1	0	-3001	120	0	0	1	0.27	0.00	0.00	120.00	1
42872	2149.21	2129.00	0.00	0.00	0.00	120.00	1	986	985	1	0	0	0	0	0	-3001	120	0	0	1	0.27	0.00	0.00	120.00	1
42887	2155.15	2137.32	0.00	0.00	0.00	120.00	1	974	971	0	0	0	0	0	0	-3001	120	0	0	1	0.27	0.00	0.00	120.00	1
42902	2161.10	2145.64	0.00	0.00	0.00	120.00	1	994	993	0	0	0	0	0	0	-3001	120	0	0	1	0.27	0.00	0.00	120.00	1
42918	2167.04	2156.34	0.00	0.00	0.00	120.00	1	1000	1000	12	1	0	0	0	0	-3000	120	0	0	1	0.27	0.00	0.00	120.00	1
42933	2172.98	2164.66	0.00	0.00	0.00	120.00	1	913	972	983	0	0	0	0	0	-2476	120	0	0	1	0.27	0.00	0.00	120.00	1
42948	2177.74	2174.17	0.00	0.00	0.00	120.00	1	2	1000	996	0	0	0	0	0	-2002	120	0	0	1	0.27	0.00	0.00	120.00	1
42963	2182.49	2183.68	0.00	0.00	0.00	120.00	1	0	980	998	5	0	0	0	0	-1996	120	0	0	1	0.27	0.00	0.00	120.00	1
42978	2187.25	2194.38	0.00	0.00	0.00	120.00	1	0	60	987	993	0	0	0	0	-1043	120	0	0	1	0.27	0.00	0.00	120.00	1
42993	2190.81	2203.89	0.00	0.00	0.00	120.00	1	0	0	985	981	3	0	0	0	-1002	120	0	0	1	0.27	0.00	0.00	120.00	1
43008	2195.57	2213.40	0.00	0.00	0.00	120.00	1	0	0	1	978	962	0	0	0	-5	120	119	0	1	0.27	0.00	0.00	120.00	1
43023	2200.32	2224.10	0.00	0.00	0.00	120.00	1	0	0	0	941	959	896	0	0	483	0	120	0	1	0.27	0.00	0.00	120.00	1
43038	2205.08	2232.42	0.00	0.00	0.00	120.00	1	1	0	0	0	969	967	1	0	999	0	120	0	1	0.27	0.00	0.00	120.00	1
43053	2211.02	2241.93	0.00	0.00	0.00	120.00	1	1	0	0	0	851	990	1000	0	1552	0	120	0	1	0.27	0.00	0.00	120.00	1
43068	2216.97	2250.25	0.00	0.00	0.00	120.00	1	0	0	0	0	0	947	999	0	2013	0	120	0	1	0.27	0.00	0.00	120.00	1
43083	2222.91	2257.38	0.00	0.00	0.00	120.00	1	0	0	0	0	0	971	1000	21	2007	0	120	0	1	0.27	0.00	0.00	120.00	1
43098	2230.04	2264.51	0.00	0.00	0.00	120.00	1	0	0	0	0	0	966	1000	985	2506	0	120	0	2	0.27	0.00	0.00	120.00	1
43114	2238.36	2271.65	0.00	0.00	0.00	120.00	1	0	0	1	6	11	949	999	999	2516	0	120	0	2	0.27	0.00	0.00	120.00	1
43130	2246.68	2278.78	0.00	0.00	0.00	120.00	1	1	0	0	0	2	908	976	1000	2531	0	120	0	2	0.27	0.00	0.00	120.00	1
43145	2255.00	2284.72	0.00	0.00	0.00	120.00	1	0	0	0	0	3	973	1000	1000	2509	0	120	0	2	0.27	0.00	0.00	120.00	1
43160	2263.33	2289.48	0.00	0.00	0.00	120.00	1	1	0	0	0	0	965	986	522	2320	0	120	0	2	0.27	0.00	0.00	120.00	1
43175	2272.84	2294.23	0.00	0.00	0.00	120.00	1	1	2	0	0	0	966	1000	0	2008	0	120	0	2	0.27	0.00	0.00	120.00	1
43190	2282.35	2298.99	0.00	0.00	0.00	120.00	1	1	1	0	0	2	956	979	0	2005	0	120	0	2	0.27	0.00	0.00	120.00	1
43205	2290.67	2303.74	0.00	0.00	0.00	120.00	1	1	1	0	0	945	966	697	0	1404	0	120	0	2	0.27	0.00	0.00	120.00	1
43220	2301.36	2307.31	0.00	0.00	0.00	120.00	1	2	2	0	1	973	986	0	0	1003	0	120	0	2	0.27	0.00	0.00	120.00	1
43235	2310.87	2310.87	0.00	0.00	0.00	120.00	1	0	0	0	944	945	661	0	0	389	15	120	0	2	0.27	0.00	0.00	120.00	1
43250	2320.38	2314.44	0.00	0.00	0.00	120.00	1	2	2	2	966	950	1	0	0	-5	120	119	0	2	0.27	0.00	0.00	120.00	1
43265	2331.08	2319.20	0.00	0.00	0.00	120.00	1	0	0	965	979	0	0	0	0	-997	120	0	0	2	0.27	0.00	0.00	120.00	1
43280	2339.40	2323.95	0.00	0.00	0.00	120.00	1	0	856	971	940	0	0	0	0	-1470	120	0	0	2	0.27	0.00	0.00	120.00	1
43295	2348.91	2328.71	0.00	0.00	0.00	120.00	1	2	956	1000	0	0	1	0	0	-1989	120	0	0	2	0.27	0.00	0.00	120.00	1
43310	2357.23	2334.65	0.00	0.00	0.00	120.00	1	888	970	959	0	0	0	0	0	-2475	120	0	0	1	0.27	0.00	0.00	120.00	1
43326	2365.56	2340.59	0.00	0.00	0.00	120.00	1	1000	1000	4	0	0	0	0	0	-3000	120	0	0	1	0.27	0.00	0.00	120.00	1
43342	2372.69	2347.73	0.00	0.00	0.00	120.00	1	971	969	0	0	0	0	0	0	-3001	120	0	0	1	0.27	0.00	0.00	120.00	1
43357	2379.82	2354.86	0.00	0.00	0.00	120.00	1	993	991	1	0	0	0	0	0	-3001	120	0	0	1	0.27	0.00	0.00	120.00	1
43372	2385.76	2361.99	0.00	0.00	0.00	120.00	1	998	1000	0	0	0	0	0	0	-3000	120	0	0	1	0.27	0.00	0.00	120.00	1
43387	2391.71	2369.12	0.00	0.00	0.00	120.00	1	995	968	0	0	0	0	0	0	-3007	120	0	0	1	0.27	0.00	0.00	120.00	1
43402	2397.65	2377.44	0.00	0.00	0.00	120.00	1	1000	977	0	0	0	0	0	0	-3006	120	0	0	1	0.27	0.00	0.00	120.00	1
43417	2402.41	2385.76	0.00	0.00	0.00	120.00	1	1000	941	0	0	0	0	0	0	-3016	120	0	0	1	0.27	0.00	0.00	120.00	1
43432	2407.16	2392.90	0.00	0.00	0.00	120.00	1	963	970	0	0	0	0	0	0	-2999	120	0	0	1	0.27	0.00	0.00	120.00	1
43447	2411.92	2402.41	0.00	0.00	0.00	120.00	1	1000	993	3	0	0	0	0	0	-3002	120	0	0	1	0.27	0.00	0.00	120.00	1
43462	2415.48	2410.73	0.00	0.00	0.00	120.00	1	929	995	945	0	0	0	0	0	-2495	120	0	0	1	0.27	0.00	0.00	120.00	1
43477	2419.05	2419.05	0.00	0.00	0.00	120.00	1	2	1000	972	0	0	0	0	0	-2008	120	0	0	1	0.27	0.00	0.00	120.00	1
43492	2422.61	2427.37	0.00	0.00	0.00	120.00	1	2	989	1000	440	0	1	0	0	-1727	120	0	0	1	0.27	0.00	0.00	120.00	1
43507	2426.18	2436.88	0.00	0.00	0.00	120.00	1	2	3	978	974	1	1	0	0	-1002	120	0	0	1	0.27	0.00	0.00	120.00	1
43522	2428.56	2445.20	0.00	0.00	0.00	120.00	1	2	2	940	986	881	0	0	0	-522	120	0	0	1	0.27	0.00	0.00	120.00	1
43537	2432.12	2454.71	0.00	0.00	0.00	120.00	1	3	2	1	968	967	1	0	0	-1	120	120	0	1	0.27	0.00	0.00	120.00	1
43553	2435.69	2464.22	0.00	0.00	0.00	120.00	1	2	1	0	1	961	972	0	0	1002	0	120	0	1	0.27	0.00	0.00	120.00	1
43568	2439.26	2472.54	0.00	0.00	0.00	120.00	1	1	0	0	0	913	946	966	0	1518	0	120	0	1	0.27	0.00	0.00	120.00	1
43583	2444.01	2480.86	0.00	0.00	0.00	120.00	1	2	2	0	0	0	980	1000	1	2005	0	120	0	1	0.27	0.00	0.00	120.00	1
43598	2448.77	2487.99	0.00	0.00	0.00	120.00	1	1	0	0	0	0	927	981	961	2511	0	120	0	2	0.27	0.00	0.00	120.00	1
43614	2454.71	2495.13	0.00	0.00	0.00	120.00	1	2	2	0	0	0	6	1000	1000	3000	0	120	0	2	0.27	0.00	0.00	120.00	1
43629	2460.65	2501.07	0.00	0.00	0.00	120.00	1	2	2	0	0	0	1	1000	1000	3000	0	120	0	2	0.27	0.00	0.00	120.00	1
43644	2466.60	2507.01	0.00	0.00	0.00	120.00	1	1	1	0	0	0	0	982	989	3001	0	120	0	2	0.27	0.00	0.00	120.00	1
43659	2473.73	2511.77	0.00	0.00	0.00	120.00	1	3	3	1	1	0	1	975	1000	3006	0	120	0	2	0.27	0.00	0.00	120.00	1
43674	2480.86	2516.52	0.00	0.00	0.00	120.00	1	3	3	1	1	0	1	1000	1000	3000	0	120	0	2	0.27	0.00	0.00	120.00	1
43689	2489.18	2521.28	0.00	0.00	0.00	120.00	1	2	2	0	0	0	1	990	984	2998	0	120	0	2	0.27	0.00	0.00	120.00	1
43704	2496.32	2524.84	0.00	0.00	0.00	120.00	1	5	5	3	2	1	451	1000	1000	2723	0	120	0	2	0.27	0.00	0.00	120.00	1
43719	2504.64	2529.60	0.00	0.00	0.00	120.00	1	2	2	0	0	0	931	995	537	2340	0	120	0	2	0.27	0.00	0.00	120.00	1
43734	2512.96	2533.17	0.00	0.00	0.00	120.00	1	4	4	1	0	0	981	996	0	2003	0	120	0	2	0.27	0.00	0.00	120.00	1
43749	2521.28	2535.54	0.00	0.00	0.00	120.00	1	4	3	1	0	865	964	984	0	1542	0	120	0	2	0.27	0.00	0.00	120.00	1
43765	2530.79	2539.11	0.00	0.00	0.00	120.00	1	2	2	0	0	944	946	0	0	1000	0	120	0	2	0.27	0.00	0.00	120.00	1
43780	2540.30	2541.49	0.00	0.00	0.00	120.00	1	2	0	0	959	935	708	0	0	403	12	120	0	2	0.27	0.00	0.00	120.00	1
43795	2548.62	2545.05	0.00	0.00	0.00	120.00	1	3	2	6	982	956	1	0	0	-7	120	119	0	2	0.27	0.00	0.00	120.00	1
43810	2558.13	2548.62	0.00	0.00	0.00	120.00	1	3	3	998	986	0	0	0	0	-1004	120	0	0	2	0.27	0.00	0.00	120.00	1
43825	2566.45	2552.19	0.00	0.00	0.00	120.00	1	3	974	1000	839	0	0	0	0	-1548	120	0	0	2	0.27	0.00	0.00	120.00	1
43840	2574.77	2555.75	0.00	0.00	0.00	120.00	1	6	1000	1000	2	0	1	1	0	-2000	120	0	0	2	0.27	0.00	0.00	120.00	1
43855	2581.90	2560.51	0.00	0.00	0.00	120.00	1	1000	998	851	0	0	0	0	0	-2553	120	0	0	1	0.27	0.00	0.00	120.00	1
43871	2590.22	2565.26	0.00	0.00	0.00	120.00	1	1000	1000	2	1	1	2	2	1	-3000	120	0	0	1	0.27	0.00	0.00	120.00	1
43886	2596.17	2571.20	0.00	0.00	0.00	120.00	1	989	978	2	2	0	1	1	0	-3003	120	0	0	1	0.27	0.00	0.00	120.00	1
43901	2602.11	2575.96	0.00	0.00	0.00	120.00	1	981	963	0	0	0	0	0	0	-3005	120	0	0	1	0.27	0.00	0.00	120.00	1
43916	2608.05	2583.09	0.00	0.00	0.00	120.00	1	984	889	0	0	0	1	1	0	-3026	120	0	0	1	0.27	0.00	0.00	120.00	1
43931	2612.81	2589.04	0.00	0.00	0.00	120.00	1	1000	855	1	0	0	1	1	0	-3040	120	0	0	1	0.27	0.00	0.00	120.00	1
43946	2617.56	2596.17	0.00	0.00	0.00	120.00	1	1000	957	1	0	0	1	0	0	-3011	120	0	0	1	0.27	0.00	0.00	120.00	1
43961	2622.32	2603.30	0.00	0.00	0.00	120.00	1	987	982	0	0	0	1	0	0	-3002	120	0	0	1	0.27	0.00	0.00	120.00	1
43977	2625.89	2611.62	0.00	0.00	0.00	120.00	1	1000	993	1	0	0	1	0	0	-3002	120	0	0	1	0.27	0.00	0.00	120.00	1
43992	2629.45	2618.75	0.00	0.00	0.00	120.00	1	1000	1000	2	0	0	0	0	0	-3000	120	0	0	1	0.27	0.00	0.00	120.00	1
44007	2633.02	2627.07	0.00	0.00	0.00	120.00	1	964	992	833	1	0	0	0	0	-2547	120	0	0	1	0.27	0.00	0.00	120.00	1
44022	2636.58	2634.21	0.00	0.00	0.00	120.00	1	3	949	978	0	0	0	0	0	-1993	120	0	0	1	0.27	0.00	0.00	120.00	1
44037	2638.96	2642.53	0.00	0.00	0.00	120.00	1	1	977	957	6	0	2	0	0	-2006	120	0	0	1	0.27	0.00	0.00	120.00	1
44052	2642.53	2650.85	0.00	0.00	0.00	120.00	1	0	11	980	967	0	0	0	0	-1004	120	0	0	1	0.27	0.00	0.00	120.00	1
44067	2644.91	2659.17	0.00	0.00	0.00	120.00	1	1	0	964	949	25	0	0	0	-1004	120	0	0	1	0.27	0.00	0.00	120.00	1
44082	2647.28	2667.49	0.00	0.00	0.00	120.00	1	1	0	0	963	957	1	0	0	-2	120	120	0	1	0.27	0.00	0.00	120.00	1
44097	2650.85	2675.81	0.00	0.00	0.00	120.00	1	2	0	0	843	978	962	0	0	542	0	120	0	1	0.27	0.00	0.00	120.00	1
44112	2653.23	2684.13	0.00	0.00	0.00	120.00	1	2	1	0	0	974	966	1	0	997	0	120	0	1	0.27	0.00	0.00	120.00	1
44127	2657.98	2691.27	0.00	0.00	0.00	120.00	1	3	2	1	0	669	995	1000	1	1624	0	120	0	1	0.27	0.00	0.00	120.00	1
44142	2661.55	2698.40	0.00	0.00	0.00	120.00	1	0	0	0	0	0	922	980	0	2015	0	120	0	1	0.27	0.00	0.00	120.00	1
44157	2667.49	2704.34	0.00	0.00	0.00	120.00	1	1	0	0	0	0	965	1000	2	2008	0	120	0	1	0.27	0.00	0.00	120.00	1
44172	2672.25	2710.29	0.00	0.00	0.00	120.00	1	0	0	0	0	0	975	1000	16	2006	0	120	0	1	0.27	0.00	0.00	120.00	1
44188	2679.38	2716.23	0.00	0.00	0.00	120.00	1	0	0	0	0	0	958	947	5	1997	0	120	0	1	0.27	0.00	0.00	120.00	1
44203	2685.32	2720.98	0.00	0.00	0.00	120.00	1	0	1	0	0	0	975	1000	1	2006	0	120	0	1	0.27	0.00	0.00	120.00	1
44218	2692.45	2724.55	0.00	0.00	0.00	120.00	1	1	1	0	0	0	979	986	0	2001	0	120	0	1	0.27	0.00	0.00	120.00	1
44233	2699.59	2729.30	0.00	0.00	0.00	120.00	1	1	1	0	0	912	966	980	0	1523	0	120	0	1	0.27	0.00	0.00	120.00	1
44248	2706.72	2732.87	0.00	0.00	0.00	120.00	1	3	3	1	1	996	985	2	1	997	0	120	0	1	0.27	0.00	0.00	120.00	1
44263	2715.04	2736.44	0.00	0.00	0.00	120.00	1	1	2	0	826	969	968	0	0	551	0	120	0	1	0.27	0.00	0.00	120.00	1
44278	2723.36	2738.81	0.00	0.00	0.00	120.00	1	1	0	0	957	971	1	0	0	3	120	120	0	1	0.27	0.00	0.00	120.00	1
44293	2731.68	2743.57	0.00	0.00	0.00	120.00	1	2	2	982	986	253	0	0	0	-829	120	0	0	1	0.27	0.00	0.00	120.00	1
44308	2737.63	2747.14	0.00	0.00	0.00	120.00	1	0	866	985	968	0	0	0	0	-1464	120	0	0	1	0.27	0.00	0.00	120.00	1
44323	2744.76	2750.70	0.00	0.00	0.00	120.00	1	3	998	979	2	0	1	1	1	-2005	120	0	0	1	0.27	0.00	0.00	120.00	1
44338	2751.89	2755.46	0.00	0.00	0.00	120.00	1	979	961	937	0	0	0	0	0	-2515	120	0	0	1	0.27	0.00	0.00	120.00	1
44353	2757.83	2761.40	0.00	0.00	0.00	120.00	1	991	991	0	0	0	0	0	0	-3000	120	0	0	1	0.27	0.00	0.00	120.00	1
44368	2763.78	2767.34	0.00	0.00	0.00	120.00	1	1000	932	0	0	0	0	0	0	-3018	120	0	0	1	0.27	0.00	0.00	120.00	1
44383	2769.72	2773.29	0.00	0.00	0.00	120.00	1	1000	49	0	0	1	0	0	0	-3500	120	0	0	1	0.27	0.00	0.00	120.00	1
44399	2774.48	2779.23	0.00	0.00	0.00	120.00	1	986	0	0	0	0	0	0	0	-3500	120	0	0	1	0.27	0.00	0.00	120.00	1
44414	2778.04	2786.36	0.00	0.00	0.00	120.00	1	967	0	0	0	0	0	0	0	-3500	120	0	0	1	0.27	0.00	0.00	120.00	1
44429	2782.80	2793.50	0.00	0.00	0.00	120.00	1	978	0	0	0	0	0	0	0	-3500	120	0	0	1	0.27	0.00	0.00	120.00	1
44444	2786.36	2800.63	0.00	0.00	0.00	120.00	1	953	0	0	0	0	1	1	0	-3500	120	0	0	1	0.27	0.00	0.00	120.00	1
44459	2788.74	2807.76	0.00	0.00	0.00	120.00	1	887	0	0	0	0	0	0	0	-3500	120	0	0	1	0.27	0.00	0.00	120.00	1
44474	2792.31	2814.89	0.00	0.00	0.00	120.00	1	932	0	0	0	0	0	0	0	-3500	120	0	0	1	0.27	0.00	0.00	120.00	1
44489	2794.68	2823.21	0.00	0.00	0.00	120.00	1	977	0	0	0	0	0	0	0	-3500	120	0	0	1	0.27	0.00	0.00	120.00	1
44504	2797.06	2830.35	0.00	0.00	0.00	120.00	1	980	0	0	0	0	0	0	0	-3500	120	0	0	1	0.27	0.00	0.00	120.00	1
44519	2799.44	2838.67	0.00	0.00	0.00	120.00	1	1000	0	0	0	0	0	0	0	-3500	120	0	0	1	0.27	0.00	0.00	120.00	1
44534	2801.82	2846.99	0.00	0.00	0.00	120.00	1	1000	5	0	0	0	0	0	0	-3500	120	0	0	1	0.27	0.00	0.00	120.00	1
44549	2803.01	2855.31	0.00	0.00	0.00	120.00	1	978	848	0	0	0	0	0	0	-3036	120	0	0	1	0.27	0.00	0.00	120.00	1
44564	2804.19	2863.63	0.00	0.00	0.00	120.00	1	957	984	0	0	0	0	0	0	-2994	120	0	0	1	0.27	0.00	0.00	120.00	1
44579	2806.57	2873.14	0.00	0.00	0.00	120.00	1	981	981	5	0	0	0	0	0	-3000	120	0	0	1	0.27	0.00	0.00	120.00	1
44594	2807.76	2881.46	0.00	0.00	0.00	120.00	1	962	975	983	0	0	0	0	0	-2493	120	0	0	1	0.27	0.00	0.00	120.00	1
44610	2807.76	2890.97	0.00	0.00	0.00	120.00	1	2	982	1000	2	0	1	0	0	-1996	120	0	0	1	0.27	0.00	0.00	120.00	1
44625	2808.95	2900.48	0.00	0.00	0.00	120.00	1	0	966	969	972	0	0	0	0	-1498	120	0	0	1	0.27	0.00	0.00	120.00	1
44640	2810.14	2908.80	0.00	0.00	0.00	120.00	1	1	1	957	968	1	0	0	0	-998	120	0	0	1	0.27	0.00	0.00	120.00	1
44655	2810.14	2918.31	0.00	0.00	0.00	120.00	1	2	1	775	963	965	1	0	0	-430	120	4	0	1	0.27	0.00	0.00	120.00	1
44670	2811.33	2927.82	0.00	0.00	0.00	120.00	1	1	0	0	964	967	112	0	0	82	98	120	0	1	0.27	0.00	0.00	120.00	1
44685	2812.52	2937.33	0.00	0.00	0.00	120.00	1	2	1	0	2	971	965	0	0	998	0	120	0	1	0.27	0.00	0.00	120.00	1
44700	2814.89	2945.65	0.00	0.00	0.00	120.00	1	0	0	0	0	944	957	818	0	1453	0	120	0	1	0.27	0.00	0.00	120.00	1
44715	2817.27	2953.97	0.00	0.00	0.00	120.00	1	2	2	0	0	32	958	1000	1	2010	0	120	0	1	0.27	0.00	0.00	120.00	1
44730	2819.65	2961.11	0.00	0.00	0.00	120.00	1	1	0	0	2	0	967	979	0	2003	0	120	0	1	0.27	0.00	0.00	120.00	1
44745	2823.21	2968.24	0.00	0.00	0.00	120.00	1	2	2	0	0	0	1000	1000	3	2000	0	120	0	1	0.27	0.00	0.00	120.00	1
44760	2827.97	2974.18	0.00	0.00	0.00	120.00	1	2	2	0	0	0	970	982	5	2003	0	120	0	1	0.27	0.00	0.00	120.00	1
44775	2832.72	2980.12	0.00	0.00	0.00	120.00	1	2	1	0	0	0	965	998	0	2008	0	120	0	1	0.27	0.00	0.00	120.00	1
44790	2837.48	2984.88	0.00	0.00	0.00	120.00	1	3	2	1	1	3	989	1000	0	2002	0	120	0	1	0.27	0.00	0.00	120.00	1
44805	2842.23	2989.63	0.00	0.00	0.00	120.00	1	3	3	1	1	912	974	1000	0	1530	0	120	0	1	0.27	0.00	0.00	120.00	1
44821	2849.37	2994.39	0.00	0.00	0.00	120.00	1	2	1	0	0	964	954	5	0	997	0	120	0	1	0.27	0.00	0.00	120.00	1
44836	2855.31	2997.96	0.00	0.00	0.00	120.00	1	4	4	2	922	984	967	1	1	515	0	120	0	1	0.27	0.00	0.00	120.00	1
44851	2862.44	3001.52	0.00	0.00	0.00	120.00	1	3	2	5	996	976	2	0	2	-6	120	119	0	1	0.27	0.00	0.00	120.00	1
44866	2869.57	3006.28	0.00	0.00	0.00	120.00	1	3	2	974	950	793	0	0	0	-567	120	0	0	1	0.27	0.00	0.00	120.00	0